0 0.109200 0.823980 0.213280 0.677880 0.188900 0.677340 0.078580 0.821540
0 0.299320 0.552740 0.326920 0.511740 0.313120 0.509740 0.283720 0.550140
0 0.356320 0.470340 0.369320 0.450740 0.359920 0.448340 0.343520 0.468340
0 0.992680 0.919720 0.890140 0.790440 0.942160 0.785980 1.000000 0.846640 1.000000 0.870560
0 0.807600 0.699600 0.742800 0.623600 0.779000 0.622800 0.852400 0.698200
0 0.703560 0.584000 0.739400 0.582800 0.698780 0.539800 0.670720 0.541000
0 0.649220 0.519500 0.674900 0.517720 0.651000 0.493220 0.630700 0.495020
0 0.613380 0.481280 0.636080 0.479500 0.619960 0.462180 0.603820 0.463960
0 0.591280 0.456800 0.612200 0.455000 0.594880 0.438880 0.578160 0.440080
0 0.384660 0.431120 0.396000 0.414400 0.384660 0.413200 0.372120 0.427540
1 1.000000 0.519740 0.999600 0.510360 0.636500 0.371220 0.629920 0.374800 1.000000 0.524020
1 0.000000 0.504200 0.203080 0.419580 0.323020 0.372800 0.359860 0.359860 0.363340 0.364340 0.183180 0.436000 0.000000 0.518900
