0 0.999000 0.987000 0.868900 0.814720 0.920500 0.813680 0.999960 0.906560
0 0.787380 0.716680 0.831740 0.713580 0.761580 0.633100 0.728540 0.636180
0 0.211540 0.653740 0.269320 0.577360 0.245600 0.575300 0.187800 0.649600
0 0.694000 0.592800 0.728540 0.592840 0.693600 0.549800 0.663600 0.549600
0 0.643440 0.527460 0.674540 0.526020 0.650940 0.498960 0.629340 0.499540
0 0.619260 0.484840 0.639120 0.482820 0.624440 0.464980 0.607740 0.465260
0 0.600800 0.457400 0.619600 0.454800 0.610400 0.441600 0.595600 0.441400
0 0.329240 0.507600 0.351980 0.480240 0.339320 0.477360 0.316280 0.504140
0 0.383380 0.446260 0.398640 0.431280 0.386260 0.429540 0.372440 0.443080
0 0.591600 0.436800 0.605000 0.435000 0.599400 0.424000 0.588000 0.423800
0 0.583000 0.418400 0.594780 0.417160 0.589300 0.407380 0.578640 0.407940
1 0.997940 0.529340 0.997940 0.512000 0.775020 0.415420 0.684620 0.384460 0.635100 0.372080 0.638820 0.383220 0.762640 0.420360
1 0.000000 0.503820 0.221080 0.417040 0.310660 0.384280 0.316880 0.387180 0.134820 0.457680 0.000000 0.519720
